654444724422
984447223222
844423363432
998888446333
555441373221
655555555555
655555555556
855331332233
754444333332
866654367447
943335321322
888544332342
665555333322
777776655454
988888777777
954133222234
655544444233
999893746214
955442222214
555555543333
988655455353
775652433453
884443434468
997839633363
655443222222
877777633423
999774557476
774422221232
554444433354
977444255515
888888888889
433335221222
866353164444
886671332322
865544243454
822233122412
999954358559
644223213232
999998867763
776666555563
666443323321
766555564172
999989323492
999999999999
986655334655
986554746342
865553333322
988865533533
988866666666
998773652635
966334432336
874232622224
555322412122
866666544444
743333333333
976323242821
964443333733
666666686521
844444221224
776666223265
776223232322
543322222222
999759586332
833222222322
988744443223
866655554444
997777755726
888876655555
722222222222
776666523322
995552332647
988864444233
666666666789
666233211332
988873434333
776666666546
887743344348
866545343344
977767245663
888888866558
666346445134
885332232322
999777447264
888876435432
977424222445
666666622465
977776544444
999999885854
997777644419
543335312233
997965342574
996766675933
997766555554
974443254125
665597233533
966652222432
999999999847
876665866413
885433382252
842422422214
755433333333
988888888879
999999988887
976665635455
776653234464
544444322334
887777778221
999888783226
555554522322
955444223333
766666655555
966555663432
777755554352
885555555555
443332222222
883322223121
998766656957
654351222222
987634353624
998877755556
966544444444
755444423222
555555555555
977777665463
777765334327
877777777221
963362223455
887534147326
758522222233
553332222253
976533435333
987777777555
998866555543
633352242242
842321423522
998655542233
999999999999
652222222222
666666665621
544443322222
654223337222
666444465225
987777645685
877743323532
966665554424
855444432243
855554355355
555544444444
778125762372
779351122223
666666666666
864622222261
833333333333
877777767674
777777783426
966555367454
766934223345
766666562653
774454943233
776555554232
887444443433
999655234154
999998894686
777433323222
863221223132
999999886568
775544444521
998657425285
985544533235
888675444645
877666665623
997443322336
876666333624
999633413257
654432422214
887545554455
977255333654
857222224122
886555543331
855533822421
444444456789
999997446462
777755444442
999966667434
744223352223
977777773263
998766664433
866472333236
999999994472
544452231212
775444444444
777777777789
997753224422
999998864447
998776555562
834223322225
555555556789
986657549333
866644554333
999999754444
169685670469164
